codeword,minDistortion
0,0.077122
0,0.102843
0,0.162808
0,0.080135
0,0.094265
0,0.132416
0,0.137296
0,0.126232
0,0.054579
0,0.134354
0,0.118116
0,0.113151
0,0.116022
0,0.160315
0,0.165254
0,0.178846
0,0.159027
0,0.229057
1,0.382778
1,0.504296
1,0.429340
0,0.369099
0,0.373442
0,0.168659
0,0.102159
0,0.182032
0,0.109453
0,0.108364
0,0.155953
0,0.144525
0,0.172109
0,0.143358
0,0.082650
0,0.108371
0,0.116137
0,0.131855
0,0.176038
0,0.194762
0,0.177264
0,0.164852
0,0.264524
0,0.361425
0,0.171021
0,0.228711
0,0.471136
0,0.483478
0,0.422745
0,0.168002
0,0.223863
0,0.228887
0,0.455037
0,0.305010
0,0.241281
0,0.245558
0,0.221027
0,0.313026
0,0.380788
0,0.303639
0,0.151666
0,0.091144
0,0.099964
0,0.123158
0,0.186693
0,0.210571
0,0.118523
0,0.101473
0,0.089142
0,0.143295
0,0.127880
0,0.079564
0,0.130961
0,0.087651
0,0.085422
0,0.093379
0,0.146211
0,0.075069
0,0.123339
0,0.120950
0,0.104564
0,0.074510
0,0.066617
0,0.114132
0,0.066198
0,0.104775
0,0.058077
0,0.070197
0,0.144803
0,0.089623
0,0.143289
0,0.181061
0,0.241125
0,0.167157
0,0.164639
1,0.250497
1,0.294505
0,0.231483
0,0.196453
0,0.180548
1,0.268732
1,0.253002
0,0.213903
0,0.182424
0,0.231600
0,0.210969
0,0.212952
0,0.216560
0,0.151796
0,0.159325
0,0.174165
0,0.255525
0,0.266577
0,0.175040
0,0.132772
0,0.139637
0,0.148308
0,0.116702
0,0.107054
0,0.195381
0,0.162069
0,0.257562
1,0.434952
1,0.267563
1,0.274107
1,0.307038
1,0.403153
1,0.322071
1,0.245603
1,0.446107
1,0.319498
0,0.134001
0,0.093318
0,0.161109
0,0.137178
0,0.114676
0,0.117606
0,0.303974
1,0.243338
0,0.245934
1,0.224318
0,0.214447
0,0.117322
0,0.198317
0,0.336153
0,0.338947
0,0.306129
0,0.122358
0,0.112343
0,0.188245
0,0.199029
0,0.103900
0,0.072270
0,0.130182
0,0.108293
0,0.083896
0,0.103055
0,0.134033
0,0.121810
0,0.084226
0,0.154855
0,0.138745
0,0.072165
0,0.134201
0,0.108007
0,0.123199
0,0.146373
0,0.073456
0,0.128602
0,0.088920
0,0.105722
0,0.153142
0,0.083421
0,0.080053
0,0.114113
0,0.152680
0,0.151177
0,0.095373
0,0.091670
0,0.084798
0,0.085113
0,0.076112
0,0.202591
0,0.248766
0,0.201700
0,0.164952
0,0.153175
0,0.173915
0,0.188662
0,0.181989
0,0.177494
0,0.134566
0,0.063243
0,0.107594
0,0.205118
0,0.258209
0,0.202717
0,0.191838
0,0.227621
0,0.242078
0,0.166584
0,0.143095
0,0.164470
0,0.164318
0,0.243120
0,0.268682
0,0.175093
0,0.204971
0,0.396715
0,0.408453
0,0.260294
0,0.414805
0,0.364736
0,0.277754
0,0.303654
0,0.164766
0,0.295465
28,0.237601
28,0.210452
28,0.295740
28,0.294728
28,0.304911
28,0.452632
28,0.260645
28,0.293155
0,0.273468
0,0.322645
0,0.166852
0,0.173833
0,0.156402
0,0.174515
0,0.111768
0,0.144447
0,0.126722
0,0.106954
0,0.115406
0,0.106808
0,0.087818
0,0.214066
0,0.236028
0,0.111273
0,0.139819
0,0.221610
0,0.164483
0,0.138943
0,0.127901
0,0.117192
0,0.153746
0,0.270995
1,0.296593
1,0.358530
1,0.437332
1,0.405367
1,0.381146
1,0.399264
0,0.221040
0,0.185410
0,0.122688
0,0.097901
0,0.135089
0,0.104535
0,0.099996
0,0.119855
0,0.090861
0,0.203646
0,0.149886
0,0.126409
0,0.133208
0,0.145754
0,0.145771
0,0.130583
0,0.089600
0,0.119885
0,0.130661
0,0.122372
0,0.149910
0,0.135231
0,0.187172
0,0.153539
0,0.148895
0,0.157490
0,0.146767
0,0.108284
0,0.145794
0,0.114714
0,0.176189
0,0.188061
0,0.153762
0,0.125049
0,0.118976
0,0.102526
0,0.133088
0,0.185976
0,0.202991
0,0.257017
0,0.234828
0,0.299105
0,0.271534
0,0.183340
0,0.220731
0,0.205318
0,0.156868
0,0.161000
0,0.118092
0,0.151992
0,0.150645
0,0.118232
0,0.131010
0,0.167205
0,0.106396
0,0.138004
0,0.129725
0,0.096495
0,0.115265
0,0.110502
0,0.136710
0,0.075165
0,0.122640
0,0.134071
0,0.140607
0,0.148510
0,0.120162
0,0.118998
0,0.117143
0,0.121022
0,0.136052
0,0.079601
0,0.108473
0,0.101821
0,0.134490
2,0.099562
2,0.072106
2,0.120054
2,0.149580
2,0.113910
2,0.065066
2,0.074957
2,0.090188
2,0.106467
2,0.098582
2,0.133677
2,0.091157
2,0.097453
2,0.138912
2,0.175234
2,0.187964
2,0.201379
2,0.266309
3,0.306261
3,0.276902
3,0.216389
3,0.198514
3,0.139178
3,0.168751
3,0.135972
3,0.200194
3,0.186285
3,0.246501
3,0.202070
3,0.169518
3,0.155207
3,0.146268
3,0.134921
3,0.162363
3,0.186679
2,0.132205
2,0.110652
2,0.138441
2,0.222894
2,0.157390
2,0.141435
2,0.168813
2,0.131864
2,0.177608
2,0.143551
2,0.181703
2,0.218895
2,0.238280
2,0.245512
2,0.131037
13,0.285560
12,0.261820
2,0.210499
2,0.183931
2,0.236681
10,0.375649
10,0.304045
2,0.178023
9,0.234100
9,0.251853
8,0.249364
8,0.176486
8,0.123937
2,0.192224
2,0.148465
2,0.229298
2,0.208096
2,0.140763
2,0.157119
2,0.129239
2,0.119935
2,0.179057
18,0.294559
2,0.283919
2,0.170990
2,0.249443
2,0.147364
2,0.199824
2,0.179297
2,0.172034
2,0.107903
2,0.074176
2,0.116350
2,0.163593
27,0.158845
27,0.100991
27,0.100760
27,0.105840
27,0.094810
27,0.070257
27,0.063989
27,0.080844
27,0.128946
27,0.155610
27,0.160999
27,0.183919
27,0.127710
27,0.130318
27,0.099899
27,0.122910
27,0.078818
27,0.101245
27,0.108051
27,0.100520
27,0.099040
27,0.082883
27,0.118023
27,0.087033
27,0.120579
27,0.116804
27,0.159890
27,0.107822
27,0.107657
27,0.073760
27,0.100942
27,0.103598
27,0.065933
27,0.095511
27,0.096819
27,0.088621
27,0.114701
27,0.156266
27,0.136473
27,0.114924
27,0.116037
27,0.058217
27,0.090450
27,0.103063
27,0.163110
27,0.100987
27,0.154002
27,0.238977
27,0.166608
30,0.133029
30,0.173475
30,0.155951
30,0.111376
30,0.147036
30,0.203608
30,0.156953
30,0.145782
30,0.217736
30,0.151555
30,0.099350
30,0.137699
30,0.160347
30,0.137271
30,0.163785
30,0.153316
30,0.124671
30,0.108521
30,0.105085
30,0.085826
30,0.093206
30,0.163986
30,0.149942
30,0.119656
30,0.118005
30,0.125259
30,0.188175
30,0.144194
30,0.184304
18,0.307905
24,0.203476
24,0.223096
24,0.303600
24,0.328587
24,0.272427
24,0.234570
24,0.317129
24,0.243130
24,0.212506
24,0.207474
24,0.227065
24,0.177170
24,0.213303
24,0.239476
24,0.163879
24,0.227193
24,0.267905
26,0.184143
26,0.078161
27,0.058512
27,0.123189
27,0.159028
27,0.123687
27,0.073676
27,0.091468
27,0.113054
27,0.112010
27,0.164744
27,0.115132
27,0.114446
27,0.119352
27,0.114397
27,0.101119
27,0.094505
27,0.122796
27,0.109387
27,0.135248
27,0.092053
27,0.083911
27,0.115790
27,0.106699
27,0.078167
27,0.080892
27,0.097426
27,0.115228
27,0.082187
27,0.129038
27,0.111781
27,0.088648
27,0.099136
27,0.090642
27,0.099876
27,0.066126
27,0.106583
27,0.062678
27,0.063659
27,0.096789
27,0.130995
27,0.120744
27,0.142709
24,0.132868
27,0.186794
27,0.156359
27,0.141830
27,0.128655
27,0.133054
27,0.132718
27,0.091144
27,0.089104
27,0.142600
27,0.114606
27,0.114402
27,0.130140
27,0.100234
27,0.101522
27,0.147464
27,0.246229
27,0.176217
27,0.111154
27,0.099022
27,0.081367
27,0.119993
27,0.146005
26,0.130309
27,0.107799
27,0.093307
27,0.115557
27,0.100939
27,0.095983
27,0.142284
27,0.069263
26,0.097901
26,0.133626
27,0.089389
27,0.107658
27,0.112213
27,0.085987
27,0.140030
27,0.097180
27,0.057907
27,0.106129
27,0.140672
27,0.161247
27,0.133679
27,0.080484
27,0.143795
30,0.167129
30,0.162094
27,0.178019
30,0.185128
30,0.147709
30,0.133644
30,0.110319
30,0.118773
30,0.173901
30,0.143124
30,0.134082
30,0.160943
30,0.125006
30,0.104018
30,0.095049
30,0.098423
30,0.169540
30,0.105172
30,0.105573
30,0.117801
30,0.199389
30,0.145471
30,0.122871
30,0.105320
30,0.127983
30,0.094648
30,0.172250
30,0.157145
30,0.129588
30,0.108716
23,0.155420
23,0.128886
23,0.151098
23,0.162974
23,0.176160
23,0.183449
23,0.173727
23,0.124133
23,0.110402
23,0.123878
23,0.137381
23,0.132072
23,0.127418
23,0.174492
23,0.153419
23,0.215889
23,0.232397
23,0.178304
23,0.158931
23,0.160928
22,0.209042
23,0.191627
22,0.179628
22,0.189529
22,0.129309
22,0.149922
22,0.102339
22,0.157959
22,0.181451
22,0.192127
22,0.198148
22,0.155282
22,0.213108
22,0.175319
22,0.187845
22,0.167806
22,0.219587
22,0.155673
22,0.195005
22,0.264734
22,0.262635
22,0.153170
22,0.143139
22,0.156228
22,0.127474
22,0.123045
22,0.169833
22,0.168182
22,0.130666
22,0.204714
22,0.223029
22,0.223557
23,0.121000
25,0.170758
27,0.184996
27,0.140603
27,0.150399
27,0.124594
27,0.129292
27,0.164193
27,0.133671
27,0.107804
27,0.121479
27,0.145825
27,0.143348
27,0.081255
27,0.100395
27,0.118448
27,0.074397
27,0.146069
27,0.151127
27,0.070170
27,0.084946
27,0.075823
26,0.068084
27,0.114698
27,0.096132
27,0.116370
27,0.151628
27,0.083521
27,0.079037
27,0.093615
27,0.056661
27,0.133416
27,0.112153
27,0.145226
27,0.083092
27,0.138068
27,0.107409
27,0.105647
27,0.132203
27,0.117705
27,0.119020
27,0.098679
26,0.130653
27,0.129670
27,0.139418
27,0.123404
27,0.116714
27,0.122612
27,0.125628
27,0.126529
27,0.135925
27,0.110742
27,0.107707
27,0.115031
27,0.102599
27,0.111157
27,0.099159
27,0.110803
27,0.087305
27,0.128538
27,0.080420
27,0.135028
27,0.079658
27,0.128861
27,0.100289
27,0.089514
27,0.091303
27,0.144384
27,0.138710
27,0.153908
4,0.264029
4,0.333182
4,0.265456
31,0.195352
30,0.235497
30,0.232478
30,0.184345
30,0.096033
30,0.148041
30,0.150660
23,0.112019
23,0.070720
23,0.130712
23,0.110205
23,0.169704
23,0.106302
23,0.155896
23,0.139047
23,0.160367
23,0.143227
23,0.116001
23,0.169532
23,0.127827
23,0.167717
23,0.113197
23,0.079521
23,0.139124
23,0.133201
23,0.096076
23,0.129005
23,0.177246
22,0.204640
22,0.106545
22,0.112752
22,0.084366
22,0.117820
22,0.097433
22,0.124825
22,0.119599
22,0.085923
22,0.156383
22,0.161048
22,0.135226
22,0.086977
22,0.140561
22,0.168657
22,0.175038
22,0.181774
22,0.194656
22,0.154033
22,0.121720
22,0.169602
22,0.158898
22,0.189477
22,0.206951
22,0.176654
20,0.228195
20,0.169720
22,0.262953
22,0.269017
22,0.234233
22,0.156102
22,0.115331
22,0.220627
23,0.198908
23,0.226044
23,0.174318
23,0.204327
23,0.199664
23,0.167825
23,0.181621
23,0.173756
23,0.202508
23,0.209416
30,0.265848
27,0.214665
27,0.117477
27,0.150555
27,0.108854
26,0.109139
27,0.102797
27,0.109091
27,0.114727
27,0.163356
27,0.218402
27,0.119363
27,0.083326
27,0.127004
27,0.148419
27,0.106176
27,0.172871
27,0.091405
27,0.129979
27,0.135016
27,0.221968
27,0.086264
27,0.112739
27,0.149576
27,0.132940
27,0.107334
27,0.081243
26,0.142791
27,0.088235
27,0.141053
27,0.115370
27,0.094172
27,0.111084
27,0.125872
27,0.134197
27,0.104221
27,0.139898
27,0.107839
27,0.056157
27,0.125274
27,0.135005
27,0.084302
27,0.111665
27,0.072321
27,0.133073
27,0.073662
27,0.080931
27,0.132944
27,0.236335
27,0.110390
27,0.120798
27,0.136984
27,0.157019
27,0.224906
27,0.108549
27,0.126554
27,0.060051
27,0.120258
27,0.142423
27,0.157663
27,0.147158
27,0.153305
27,0.145261
26,0.102405
27,0.130708
27,0.134202
26,0.065501
26,0.073157
27,0.087182
27,0.168971
27,0.359146
27,0.272875
27,0.226320
27,0.318887
31,0.249928
31,0.302236
31,0.390472
31,0.370165
31,0.608286
23,0.524596
22,0.526626
22,0.424302
22,0.407433
22,0.464340
20,0.404916
18,0.897637
24,0.663499
24,0.492965
14,0.626879
14,0.919792
14,1.253954
4,0.779397
21,0.510164
21,0.309337
21,0.355438
21,0.432029
20,0.590232
16,0.251188
16,0.111128
16,0.090509
16,0.299720
16,0.279131
15,0.268495
15,0.356568
15,0.958479
15,1.047553
14,0.460867
14,0.561075
12,0.469336
12,0.540924
12,0.347600
11,0.456164
10,0.282594
10,0.204049
10,0.316506
10,0.270104
9,0.279114
9,0.380540
9,0.456400
8,0.738260
8,0.680366
8,0.525053
8,0.460053
5,0.412653
5,0.366589
31,0.204745
31,0.145185
31,0.117529
31,0.134810
30,0.270076
29,0.408517
29,0.497257
23,0.274173
23,0.448577
22,0.304435
22,0.259289
22,0.445506
20,0.223589
20,0.343974
20,0.293661
20,0.281556
20,0.219667
20,0.231596
20,0.271050
20,0.370165
20,0.388243
20,0.262000
20,0.293778
20,0.482587
20,0.357196
19,0.333866
18,0.255764
25,0.260501
26,0.196675
27,0.091419
27,0.151870
26,0.138825
26,0.123166
26,0.074242
26,0.133459
26,0.090404
27,0.077832
27,0.085132
26,0.093949
4,0.214606
4,0.255234
4,0.127414
4,0.243333
4,0.369855
21,0.322046
21,0.401667
16,0.252078
27,0.162325
27,0.176127
27,0.116937
26,0.120171
27,0.211020
16,0.235087
27,0.114937
27,0.155040
27,0.087035
27,0.075172
27,0.105218
27,0.127713
27,0.208184
27,0.200253
27,0.196859
4,0.154401
4,0.195940
4,0.239916
4,0.214275
27,0.123094
27,0.100978
27,0.096579
26,0.104694
27,0.122953
27,0.115480
26,0.108665
27,0.086593
26,0.106008
27,0.097180
27,0.097359
6,0.280871
6,0.213047
6,0.221043
6,0.258103
6,0.228424
6,0.253706
6,0.252597
6,0.235420
6,0.276689
6,0.207620
6,0.218904
6,0.252531
6,0.310496
4,0.182136
21,0.253906
21,0.443496
17,0.563064
16,0.243175
16,0.292316
16,0.294359
16,0.328081
16,0.338844
16,0.206817
16,0.258767
16,0.192706
16,0.188466
16,0.285912
16,0.322912
16,0.338669
16,0.339752
15,0.506127
15,0.366625
15,0.331297
15,0.235023
15,0.350840
14,0.498612
14,0.243471
12,0.435797
12,0.374018
11,0.204545
11,0.287740
10,0.268447
10,0.290615
10,0.367856
9,1.070672
9,1.230785
9,1.119627
9,0.757340
9,0.383475
9,0.280079
9,0.239105
9,0.266977
9,0.164795
9,0.351556
8,0.603190
8,0.462500
8,0.382970
5,0.284794
5,0.295173
5,0.307963
5,0.516968
31,0.464400
31,0.347560
31,0.319582
31,0.269075
31,0.329858
31,0.236915
31,0.197322
31,0.207283
30,0.271873
30,0.268208
30,0.183531
30,0.177524
31,0.217056
31,0.294348
29,0.383763
29,0.398170
29,0.282292
29,0.211649
29,0.380929
23,0.399467
23,0.145968
23,0.169906
23,0.264406
23,0.166589
23,0.225479
23,0.363447
22,0.414951
22,0.275416
22,0.193026
22,0.175740
22,0.150041
22,0.189181
22,0.135268
22,0.339847
22,0.283891
22,0.426502
22,0.502727
20,0.423625
20,0.277752
20,0.486202
20,0.420693
19,0.278991
19,0.221451
19,0.260489
19,0.238330
19,0.583024
2,0.469349
9,0.271854
9,0.208504
9,0.244840
9,0.310519
9,0.269558
9,0.323526
9,0.319873
5,0.272164
5,0.237969
5,0.229683
31,0.235381
5,0.242594
30,0.207286
31,0.246092
31,0.160133
31,0.195591
31,0.162206
31,0.144467
30,0.150636
31,0.144016
30,0.120488
30,0.197927
30,0.178271
30,0.153108
30,0.114476
30,0.119633
30,0.108057
30,0.143630
30,0.134728
30,0.168030
23,0.134800
23,0.146838
23,0.154723
23,0.130159
23,0.165591
23,0.113476
23,0.137237
23,0.140167
23,0.113089
23,0.145151
23,0.188924
22,0.135034
22,0.136892
22,0.191945
22,0.167008
22,0.110226
25,0.165597
25,0.114165
25,0.085471
25,0.101907
27,0.104354
27,0.133469
25,0.120146
25,0.069929
25,0.094038
25,0.076491
25,0.126048
27,0.129267
26,0.139715
27,0.112870
27,0.072550
27,0.087081
27,0.098676
27,0.103887
26,0.134488
26,0.087394
26,0.069704
26,0.087513
26,0.078409
27,0.183389
6,0.285891
6,0.259512
6,0.316992
27,0.154559
7,0.249351
7,0.279673
7,0.464220
27,0.394354
27,0.267675
27,0.325128
7,0.239891
7,0.257173
7,0.280978
7,0.307083
7,0.343415
6,0.479754
6,0.508082
6,0.257418
6,0.333458
4,0.573958
4,0.261513
4,0.187663
4,0.132439
4,0.103118
4,0.094805
4,0.110948
4,0.090987
4,0.142330
4,0.177483
4,0.161571
4,0.107026
4,0.109331
4,0.202262
21,0.387348
21,0.209440
21,0.294609
21,0.291099
21,0.320508
21,0.302376
21,0.312677
21,0.334198
21,0.357792
21,0.319259
21,0.296946
21,0.360459
20,0.360518
20,0.488239
16,0.383284
16,0.171715
16,0.194920
16,0.174255
16,0.199362
16,0.376774
15,0.556985
15,0.554329
15,0.164648
15,0.249920
14,0.355795
14,0.238793
12,0.402730
12,0.379136
11,0.339845
11,0.225497
12,0.340421
11,0.347352
9,0.569659
9,0.488769
9,0.221792
9,0.208109
9,0.287321
8,0.435343
5,0.307080
5,0.479065
31,0.309070
31,0.546168
31,0.761730
29,0.511833
30,0.400581
29,0.322338
29,0.325752
29,0.251127
29,0.303250
29,0.320082
29,0.436918
29,0.360980
29,0.251787
29,0.289551
29,0.373870
29,0.396491
23,0.356891
23,0.197023
23,0.182887
23,0.218523
23,0.687148
21,0.565249
22,0.269517
22,0.195277
22,0.176288
22,0.240238
22,0.216205
22,0.194105
22,0.223224
22,0.303237
22,0.345481
22,0.389138
22,0.266017
25,0.250109
25,0.243993
26,0.149646
26,0.226221
7,0.239796
7,0.232874
26,0.106931
26,0.159436
26,0.096080
26,0.199448
26,0.162037
26,0.153536
26,0.209087
13,0.168858
13,0.218260
11,0.157321
11,0.164839
11,0.149043
11,0.159861
10,0.200168
10,0.216695
10,0.209722
4,0.217881
9,0.212467
4,0.214625
4,0.187700
4,0.159968
30,0.174827
31,0.135455
30,0.140490
30,0.149209
30,0.150305
30,0.119036
30,0.147294
30,0.140276
30,0.175039
30,0.197526
30,0.222656
30,0.308462
30,0.225068
23,0.290253
23,0.267423
23,0.234749
23,0.138513
23,0.141790
23,0.198561
23,0.221444
23,0.253013
22,0.270625
22,0.240167
22,0.183223
25,0.155706
25,0.125628
25,0.130304
25,0.108192
25,0.147804
25,0.163873
25,0.163013
27,0.212711
25,0.178802
27,0.125176
25,0.163021
27,0.164874
27,0.069783
27,0.056597
4,0.164671
27,0.209880
27,0.158002
27,0.192568
7,0.349986
7,0.256894
27,0.220949
24,0.185153
7,0.252421
24,0.228563
7,0.278835
7,0.285683
7,0.275570
7,0.470900
7,0.423926
6,0.283500
6,0.292548
6,0.225368
6,0.224119
6,0.151044
6,0.188593
6,0.356734
4,0.325044
21,0.386027
21,0.235049
20,0.308010
20,0.418421
20,0.466683
20,0.458407
20,0.445677
20,0.312260
20,0.325506
21,0.311415
21,0.221801
21,0.304946
4,0.135369
4,0.172894
4,0.226636
4,0.159450
4,0.170738
4,0.156918
4,0.132623
4,0.527307
21,0.972189
21,1.106508
15,0.627298
15,0.370924
15,0.425223
15,0.785021
14,0.536910
14,0.519189
14,0.340785
14,0.334079
14,0.764948
13,0.556583
13,0.558708
12,0.378356
12,0.559277
12,0.438168
11,0.390403
11,0.215979
11,0.114001
10,0.278489
9,0.533378
9,0.325869
9,0.502964
8,0.664700
8,0.528756
8,0.476827
8,0.539329
8,0.535181
8,0.466792
5,0.352831
5,0.281310
5,0.328881
31,0.236784
31,0.241926
31,0.239265
31,0.262137
31,0.207340
31,0.228254
31,0.234693
31,0.229317
30,0.200980
30,0.324327
29,0.309898
29,0.248493
29,0.343774
29,0.287470
23,0.106119
23,0.134773
23,0.145174
23,0.158660
23,0.190683
23,0.321685
23,0.222987
25,0.263464
26,0.294191
26,0.279816
26,0.210406
26,0.213766
26,0.245847
4,0.310791
4,0.271979
26,0.224654
26,0.256519
26,0.252377
26,0.378514
13,0.279586
14,0.378994
13,0.259545
13,0.338145
13,0.182151
13,0.166749
13,0.166807
13,0.212757
11,0.247304
11,0.273646
11,0.234120
11,0.140005
11,0.189228
11,0.212261
10,0.284990
9,0.261828
9,0.298765
4,0.305878
4,0.231065
4,0.299058
9,0.254571
9,0.396913
4,0.261371
31,0.175468
31,0.252062
4,0.234722
4,0.176447
4,0.241943
30,0.247926
30,0.190922
30,0.169157
30,0.180712
30,0.230479
30,0.159884
27,0.172430
30,0.187864
30,0.102615
30,0.141721
30,0.108614
30,0.171845
27,0.089127
27,0.133634
27,0.151929
27,0.077787
26,0.127398
26,0.115517
27,0.174893
26,0.130999
27,0.094649
27,0.125536
27,0.110380
26,0.135802
26,0.178029
26,0.124896
26,0.052281
26,0.142188
27,0.082013
27,0.135467
27,0.172751
26,0.182364
11,0.211622
11,0.220513
11,0.170647
11,0.165727
10,0.114766
10,0.107277
10,0.206705
9,0.287897
9,0.190931
9,0.291245
8,0.466715
8,0.485053
8,0.374803
5,0.394992
5,0.259721
5,0.283414
31,0.330265
31,0.191620
30,0.238364
30,0.143408
29,0.199115
29,0.322280
29,0.295609
29,0.329599
29,0.425456
29,0.323813
29,0.267044
29,0.233166
29,0.257683
29,0.326039
29,0.297405
23,0.259914
23,0.232789
23,0.171051
23,0.213319
23,0.361511
29,0.284663
29,0.291788
23,0.215382
23,0.168379
23,0.132220
23,0.149055
23,0.119245
23,0.064486
23,0.081109
23,0.061423
23,0.122774
23,0.280332
22,0.268432
22,0.202168
22,0.139613
22,0.092749
22,0.106894
22,0.111922
22,0.202036
22,0.201298
22,0.158317
22,0.216517
22,0.348190
23,0.236767
22,0.336234
22,0.273515
22,0.198857
22,0.174910
22,0.203282
22,0.249558
22,0.269355
22,0.576468
22,0.400897
22,0.235525
22,0.205211
25,0.285125
25,0.208759
25,0.224568
22,0.213818
25,0.166998
30,0.223435
30,0.161033
30,0.132167
30,0.107323
30,0.105549
27,0.111163
27,0.092273
27,0.088483
27,0.083650
27,0.103350
27,0.228761
27,0.134375
23,0.182436
23,0.153209
23,0.208571
23,0.210281
23,0.221561
23,0.243954
23,0.177034
23,0.187203
23,0.175161
23,0.112122
23,0.136314
23,0.114723
23,0.113151
23,0.159262
23,0.095520
23,0.119309
23,0.178102
25,0.181455
25,0.136171
23,0.182102
25,0.172402
25,0.184410
25,0.153604
22,0.133745
25,0.116524
25,0.189551
25,0.245960
25,0.140297
25,0.180525
25,0.133230
25,0.126489
23,0.158324
25,0.115051
25,0.124562
25,0.157533
25,0.079618
25,0.145701
25,0.089333
25,0.136853
25,0.147795
25,0.138769
25,0.102658
25,0.123567
26,0.080364
26,0.119455
26,0.132675
27,0.086846
26,0.084079
26,0.133935
13,0.251507
26,0.161558
26,0.105152
27,0.095417
26,0.073990
10,0.232399
10,0.281388
10,0.294879
9,0.267889
5,0.330624
31,0.279528
30,0.252098
30,0.141664
30,0.118455
30,0.118613
30,0.150233
23,0.114269
23,0.099315
30,0.084264
31,0.182032
31,0.189133
31,0.334024
5,0.349254
5,0.224055
5,0.260212
5,0.311465
5,0.351130
5,0.253718
31,0.255214
31,0.163175
31,0.161455
30,0.238252
30,0.154651
29,0.275289
23,0.343098
23,0.128998
23,0.235414
22,0.284028
22,0.211098
22,0.128443
22,0.226581
23,0.208522
23,0.211556
22,0.192437
22,0.156763
22,0.132678
22,0.110736
22,0.169803
22,0.303813
22,0.320383
22,0.184579
22,0.107235
22,0.094978
22,0.153526
22,0.141113
22,0.161992
22,0.183301
22,0.172534
22,0.193199
22,0.268827
20,0.345851
20,0.334340
20,0.280021
20,0.364640
20,0.203464
20,0.295210
20,0.367023
20,0.585855
20,0.505899
20,0.463666
20,0.544843
20,0.474605
20,0.321354
20,0.394793
20,0.451989
20,0.320557
22,0.304294
22,0.160951
22,0.167789
22,0.219417
22,0.171154
22,0.217214
22,0.219338
22,0.272438
22,0.261206
22,0.121622
22,0.140430
22,0.211152
22,0.184662
22,0.139954
22,0.166758
22,0.195200
22,0.194675
22,0.158946
22,0.114326
22,0.182597
22,0.150028
22,0.073029
22,0.140120
22,0.117855
22,0.160767
22,0.181296
22,0.186405
21,0.278700
21,0.375243
21,0.416550
21,0.401017
21,0.343245
21,0.282694
21,0.288866
21,0.242514
22,0.261046
22,0.194553
21,0.306658
21,0.250465
21,0.285593
21,0.287983
21,0.300215
21,0.263540
22,0.101799
22,0.088231
22,0.123992
22,0.143306
25,0.115492
25,0.096373
25,0.082216
25,0.139809
25,0.135002
25,0.085028
25,0.087898
25,0.142092
27,0.156189
25,0.115734
25,0.064333
25,0.089572
25,0.093303
25,0.079289
25,0.147570
25,0.134179
25,0.072485
25,0.107311
25,0.133412
25,0.106419
25,0.158622
25,0.126788
25,0.069199
25,0.157279
25,0.084714
25,0.109996
25,0.108253
25,0.128175
25,0.130692
25,0.091396
27,0.128739
25,0.103326
25,0.113259
25,0.115986
27,0.102320
25,0.126303
27,0.129341
27,0.067981
27,0.130665
25,0.126219
25,0.143897
25,0.151707
25,0.162214
25,0.112341
25,0.084986
25,0.126288
25,0.159749
25,0.122427
25,0.092083
25,0.102377
25,0.094814
25,0.102204
25,0.125635
27,0.122750
26,0.138691
26,0.117666
27,0.124546
26,0.090305
26,0.071234
26,0.097282
27,0.123182
27,0.154374
27,0.289134
27,0.205516
27,0.124151
27,0.199155
6,0.312406
6,0.279608
6,0.265949
6,0.238145
6,0.220863
6,0.255149
26,0.197543
6,0.307323
6,0.272199
4,0.273496
4,0.208479
4,0.188303
4,0.153259
4,0.157465
4,0.218932
30,0.294011
21,0.239353
26,0.139603
26,0.214261
27,0.153803
26,0.169823
13,0.328165
9,0.236982
31,0.206501
29,0.248045
29,0.199033
29,0.273949
23,0.166275
23,0.210766
22,0.128512
19,0.187310
18,0.181402
18,0.182444
18,0.191560
24,0.200055
7,0.328752
7,0.183399
7,0.233495
7,0.331481
7,0.195260
7,0.232860
7,0.277611
7,0.479248
7,0.357128
7,0.546684
6,0.347698
6,0.305659
6,0.299685
6,0.209703
6,0.271174
6,0.582360
6,0.582219
6,0.371890
6,0.279825
6,0.463303
6,0.464758
6,0.335125
6,0.380285
5,0.512479
5,0.587422
4,0.287416
4,0.221699
27,0.174991
26,0.144787
26,0.134665
26,0.140007
26,0.113519
26,0.126182
26,0.092634
27,0.112310
27,0.108763
26,0.082643
26,0.078621
26,0.095121
26,0.104083
26,0.091205
26,0.092073
26,0.112893
27,0.095002
27,0.104459
27,0.125239
26,0.113124
27,0.110672
26,0.184639
30,0.205247
4,0.163956
4,0.246400
4,0.237200
4,0.197219
4,0.144673
4,0.167543
4,0.109549
4,0.201332
4,0.211352
4,0.311232
4,0.219222
4,0.210891
4,0.190475
4,0.147264
4,0.115085
4,0.135717
4,0.234169
4,0.470514
21,0.387941
21,0.346201
21,0.224379
21,0.341240
21,0.230238
21,0.230647
21,0.350304
20,0.329136
20,0.425569
20,0.371482
20,0.401719
20,0.421512
20,0.616992
16,0.451658
16,0.444614
16,0.258353
16,0.251532
16,0.540337
16,0.703511
16,0.474623
15,0.264929
15,0.172332
15,0.247505
14,0.161367
12,0.535086
11,0.269620
11,0.784395
10,0.751515
10,0.209349
10,0.281548
10,0.241682
10,0.253017
10,0.280811
10,0.795770
19,0.395828
18,0.124232
18,0.107221
24,0.180770
24,0.223498
24,0.171343
24,0.169993
24,0.114497
24,0.111161
24,0.153656
7,0.149807
7,0.260602
7,0.151873
24,0.297021
7,0.167381
7,0.204443
26,0.260124
27,0.166933
26,0.141032
26,0.146838
27,0.158471
26,0.139415
26,0.248081
27,0.093366
4,0.206296
27,0.258789
27,0.059085
27,0.156594
16,0.286139
27,0.240721
27,0.272068
27,0.189087
27,0.185763
27,0.161238
27,0.199002
26,0.098762
26,0.148299
27,0.149260
16,0.181421
26,0.073643
26,0.082828
26,0.073811
26,0.070840
27,0.094468
27,0.113552
26,0.111884
26,0.070796
26,0.118117
26,0.078315
26,0.089083
26,0.082664
26,0.132805
26,0.133315
26,0.102272
27,0.087467
27,0.093745
26,0.066920
26,0.166754
27,0.141241
26,0.101054
26,0.140977
18,0.271643
18,0.265145
16,0.241608
26,0.212927
27,0.131646
27,0.140479
4,0.273920
21,0.332298
21,0.246307
21,0.276457
4,0.214765
4,0.161246
4,0.100152
4,0.136788
4,0.190016
4,0.192142
4,0.234983
6,0.237110
6,0.228508
6,0.214789
4,0.240923
4,0.123128
4,0.089056
4,0.268611
21,0.198838
21,0.181704
20,0.289547
20,0.429284
16,0.236194
16,0.100892
16,0.168537
16,0.269314
15,0.302612
15,0.222870
15,0.201864
14,0.340085
13,0.240379
12,0.415746
11,0.361991
11,0.309245
11,0.276561
11,0.180646
11,0.134167
10,0.221710
10,0.175066
9,0.244114
9,0.314452
8,0.499127
5,0.282141
5,0.263845
31,0.204810
29,0.261418
22,0.300551
19,0.248126
18,0.124332
24,0.295671
17,0.409832
24,0.484495
7,0.583242
7,0.396416
7,0.179354
7,0.214388
7,0.190827
7,0.189674
7,0.242975
6,0.126856
6,0.184267
6,0.147512
6,0.286446
6,0.279745
6,0.424725
5,0.901412
5,0.659129
5,0.558871
5,0.590207
13,0.953848
13,0.536469
13,0.498536
13,0.420245
13,0.435030
13,0.476783
13,0.500598
13,0.458026
13,0.427285
5,0.394747
6,0.333609
6,0.343426
6,0.460073
26,0.188873
26,0.140885
26,0.183966
26,0.135417
26,0.093215
26,0.061369
26,0.103953
26,0.106893
26,0.102381
26,0.164560
26,0.248596
26,0.085898
26,0.101333
26,0.118962
26,0.135094
26,0.120298
26,0.131576
26,0.169927
26,0.073881
27,0.154064
27,0.094648
27,0.087904
27,0.091494
24,0.097279
26,0.102919
27,0.141976
27,0.136366
27,0.180896
27,0.179346
27,0.156637
27,0.130430
26,0.105063
27,0.097672
27,0.131812
26,0.238483
27,0.204578
26,0.158388
27,0.151866
26,0.172168
26,0.172559
26,0.151917
26,0.185101
4,0.203099
26,0.136815
26,0.162222
26,0.156392
26,0.274077
26,0.264277
26,0.182797
26,0.136600
26,0.225719
26,0.182355
26,0.175545
26,0.194930
26,0.159943
26,0.221678
26,0.187744
26,0.117852
26,0.110759
26,0.177782
26,0.121794
26,0.077349
27,0.107709
26,0.116520
26,0.197642
26,0.096212
26,0.115815
26,0.107259
26,0.120066
26,0.096113
26,0.140268
26,0.127645
26,0.097093
26,0.096123
26,0.178580
26,0.140756
26,0.104223
26,0.100592
26,0.121235
26,0.128952
26,0.165189
26,0.164984
10,0.266608
9,0.316167
9,0.273201
9,0.292256
9,0.325847
9,0.300682
9,0.453051
9,0.463323
9,0.308927
9,0.281781
9,0.447957
9,0.438362
5,0.406362
5,0.337333
5,0.278849
5,0.355308
31,0.256400
31,0.205688
31,0.134161
31,0.168301
31,0.212747
31,0.359093
30,0.166103
30,0.134060
30,0.200335
23,0.252299
22,0.158588
22,0.202979
22,0.150435
22,0.198887
22,0.233168
22,0.268271
20,0.259072
20,0.274408
20,0.265451
20,0.317463
20,0.374086
19,0.369500
20,0.316159
19,0.294099
19,0.327532
19,0.194876
19,0.208400
19,0.180871
19,0.207316
19,0.290307
19,0.247205
18,0.272096
18,0.248553
18,0.223455
18,0.131643
18,0.137959
18,0.115587
18,0.134878
18,0.065779
18,0.076079
18,0.075065
18,0.108212
18,0.092230
18,0.118201
18,0.106396
18,0.123319
18,0.134898
24,0.187118
24,0.208323
24,0.244239
7,0.215787
7,0.262951
7,0.192287
27,0.179786
26,0.156569
26,0.100033
27,0.087239
27,0.118438
26,0.075758
26,0.116708
26,0.175390
26,0.069098
26,0.137145
26,0.172600
26,0.203304
26,0.132568
26,0.165070
26,0.201416
30,0.189820
30,0.153234
30,0.124790
30,0.109711
30,0.100509
30,0.169979
23,0.315555
23,0.287264
23,0.172340
23,0.107359
23,0.162129
22,0.182690
22,0.148376
22,0.173291
22,0.097347
22,0.123372
22,0.091041
22,0.129223
22,0.151905
22,0.220694
22,0.249596
22,0.270098
22,0.270802
20,0.307895
19,0.320015
19,0.358458
19,0.403106
19,0.372221
19,0.364344
19,0.233144
19,0.243902
19,0.147739
19,0.121642
19,0.141021
19,0.194657
19,0.202853
19,0.210659
19,0.304781
19,0.258741
19,0.291539
18,0.197795
18,0.167902
18,0.160988
18,0.078833
18,0.134797
18,0.181729
18,0.090931
18,0.096597
18,0.154050
18,0.150088
18,0.175816
18,0.278089
18,0.256313
17,0.231359
17,0.317314
17,0.274309
17,0.189590
17,0.250025
17,0.256982
17,0.238111
17,0.212287
17,0.232591
17,0.180899
17,0.149593
17,0.147587
17,0.214712
17,0.227952
17,0.193292
17,0.380390
7,0.803819
7,0.466092
7,0.257089
7,0.144236
7,0.171127
24,0.227879
7,0.165558
7,0.164456
7,0.199536
7,0.248399
7,0.242586
7,0.226429
7,0.346092
27,0.247634
27,0.143752
27,0.133731
27,0.085968
26,0.098870
26,0.080025
26,0.081482
26,0.100096
26,0.137645
26,0.131924
26,0.133436
26,0.088687
26,0.102362
26,0.153902
26,0.073092
26,0.056451
26,0.095738
26,0.102841
26,0.184109
26,0.233562
26,0.221744
26,0.137549
26,0.076041
26,0.145847
26,0.226140
13,0.325041
26,0.201305
26,0.178011
13,0.317976
13,0.235443
13,0.259059
13,0.228174
13,0.173718
13,0.200272
26,0.149410
11,0.250289
11,0.338971
11,0.202805
10,0.190679
10,0.165339
10,0.256957
9,0.323777
9,0.265313
26,0.242613
9,0.369615
31,0.342016
31,0.179032
31,0.291754
30,0.129010
30,0.224418
23,0.352377
23,0.192457
23,0.177251
23,0.170557
23,0.108256
23,0.126068
23,0.197050
22,0.207042
22,0.136902
22,0.142755
25,0.120039
25,0.080725
25,0.132683
25,0.129514
25,0.131401
25,0.164499
25,0.267589
19,0.300703
19,0.281388
19,0.224714
19,0.200354
18,0.191495
18,0.171279
18,0.184337
18,0.197635
18,0.123635
18,0.106422
18,0.136823
18,0.114074
18,0.187006
18,0.291102
18,0.175603
18,0.233558
18,0.285668
24,0.290932
24,0.152842
24,0.165571
24,0.108788
24,0.166456
24,0.140487
24,0.205430
24,0.157657
24,0.187864
24,0.202605
24,0.245255
24,0.277202
26,0.269179
26,0.253866
26,0.212886
26,0.155233
26,0.173333
26,0.187234
26,0.184017
30,0.245567
30,0.229835
26,0.207126
26,0.199551
26,0.193363
26,0.110235
23,0.200298
23,0.242028
23,0.170843
25,0.084567
25,0.107294
25,0.108624
25,0.098002
25,0.167468
25,0.123775
25,0.160650
25,0.092819
25,0.134664
25,0.156842
25,0.112781
25,0.139074
25,0.128280
25,0.136847
25,0.124865
25,0.087452
25,0.184211
18,0.162178
18,0.214757
18,0.182229
18,0.146341
18,0.178770
18,0.181899
18,0.227261
24,0.220559
24,0.177468
24,0.252700
24,0.174935
24,0.167364
24,0.215809
24,0.151060
24,0.120421
24,0.157277
26,0.119202
26,0.088322
26,0.086298
26,0.133389
26,0.124245
26,0.105803
26,0.121775
26,0.080667
26,0.107838
26,0.124198
27,0.154630
26,0.255518
26,0.156026
26,0.153426
26,0.139441
26,0.109722
26,0.105426
26,0.172963
26,0.153776
13,0.192350
11,0.240537
11,0.252471
11,0.227623
11,0.218079
11,0.159455
11,0.175772
11,0.229176
11,0.230174
10,0.227219
9,0.184281
8,0.329627
31,0.278670
31,0.245440
30,0.115735
30,0.191515
23,0.088442
23,0.148388
22,0.152358
25,0.208969
25,0.152123
25,0.164315
25,0.109866
25,0.117618
25,0.157287
25,0.149482
25,0.220258
18,0.264559
18,0.240986
18,0.175607
18,0.173662
18,0.131904
18,0.149179
18,0.129718
18,0.138344
18,0.170214
18,0.230364
18,0.277967
24,0.203326
24,0.177239
24,0.233622
24,0.150497
24,0.147130
24,0.240175
24,0.331301
24,0.268265
24,0.225157
24,0.170143
24,0.196359
24,0.371470
7,0.315346
7,0.287031
26,0.176131
26,0.224106
26,0.301943
26,0.189861
26,0.117489
26,0.113754
26,0.211182
26,0.247298
26,0.310359
26,0.257418
26,0.144039
26,0.151750
26,0.137820
26,0.108214
26,0.119707
26,0.304868
30,0.402393
26,0.399765
26,0.327483
26,0.238207
26,0.210477
26,0.127945
26,0.184861
26,0.128998
25,0.134192
26,0.091234
25,0.147220
25,0.115325
25,0.114167
25,0.104242
26,0.098649
26,0.190179
25,0.150014
26,0.199647
26,0.204883
26,0.246581
24,0.161826
24,0.271634
24,0.210008
18,0.203708
24,0.165483
24,0.131920
24,0.280659
24,0.171727
24,0.152037
24,0.118422
24,0.109418
24,0.092209
24,0.131704
24,0.105843
24,0.109070
26,0.119295
24,0.152373
26,0.108710
26,0.126662
26,0.132983
26,0.079362
26,0.110401
26,0.099756
26,0.146688
26,0.082082
26,0.093147
26,0.117325
26,0.072698
26,0.076685
26,0.079989
26,0.105412
26,0.072681
26,0.098688
26,0.084791
26,0.097048
26,0.117773
26,0.098434
26,0.077051
26,0.131052
26,0.142123
26,0.155094
26,0.095419
26,0.133344
26,0.191257
26,0.324747
16,0.403779
15,0.510304
15,0.495676
6,0.371177
6,0.338163
6,0.441272
13,0.343420
13,0.172383
13,0.245464
11,0.336294
11,0.285210
11,0.250772
11,0.251558
10,0.258110
10,0.264242
9,0.390170
5,0.399704
31,0.342894
30,0.303177
30,0.198880
30,0.248968
23,0.247498
23,0.148035
23,0.121726
23,0.210451
23,0.175436
23,0.204732
23,0.160337
23,0.169845
23,0.138469
23,0.180394
23,0.194169
23,0.203195
23,0.210826
23,0.258193
23,0.272077
23,0.330617
22,0.346573
22,0.241927
22,0.161887
22,0.109546
22,0.160503
22,0.205525
22,0.269672
20,0.387674
20,0.275256
20,0.252315
19,0.202298
19,0.229013
19,0.296246
19,0.254785
18,0.209090
18,0.184073
18,0.090673
18,0.089663
18,0.197117
18,0.324001
18,0.389585
18,0.414829
18,0.310852
18,0.162105
18,0.183626
18,0.204030
18,0.204562
18,0.290185
18,0.274760
18,0.229691
18,0.169784
18,0.118620
18,0.164714
18,0.172957
18,0.129076
18,0.100136
18,0.149677
18,0.109449
18,0.137100
18,0.129886
18,0.120141
18,0.151189
18,0.280927
18,0.211548
18,0.386973
18,0.344261
18,0.326580
18,0.252335
18,0.343776
18,0.391049
18,0.329271
18,0.173706
18,0.218523
18,0.312133
25,0.274780
25,0.163252
25,0.154123
25,0.159582
25,0.110279
25,0.113027
25,0.138270
25,0.078913
25,0.114820
25,0.120874
25,0.081875
25,0.127525
25,0.107512
25,0.223904
25,0.194163
25,0.192718
25,0.144844
25,0.099674
25,0.130067
25,0.160519
18,0.214664
24,0.157068
24,0.165788
24,0.156560
26,0.177703
25,0.196078
24,0.180945
24,0.159851
18,0.179307
18,0.224488
18,0.252792
25,0.203943
18,0.169082
25,0.198026
24,0.165164
24,0.146321
18,0.180850
18,0.172328
18,0.234903
25,0.204408
25,0.214580
26,0.202107
24,0.152787
24,0.141625
24,0.184990
24,0.109071
26,0.077390
24,0.193409
25,0.211500
24,0.141284
27,0.109938
25,0.108786
26,0.096754
26,0.053482
26,0.120518
25,0.130773
26,0.125939
26,0.114164
26,0.109364
26,0.102716
26,0.044217
26,0.093398
26,0.075071
26,0.113169
26,0.120010
25,0.148416
26,0.067574
26,0.092967
26,0.074059
26,0.100664
26,0.095260
26,0.088244
26,0.116092
26,0.100006
26,0.111128
26,0.166722
26,0.084082
26,0.099626
26,0.099767
26,0.079345
26,0.096088
26,0.116104
26,0.121088
26,0.125625
26,0.118707
26,0.114983
26,0.148320
26,0.163823
26,0.166359
26,0.281536
26,0.150663
26,0.179724
26,0.207249
26,0.095205
26,0.145590
26,0.184648
30,0.209688
23,0.204278
25,0.190283
25,0.113010
25,0.091498
25,0.103769
25,0.136849
25,0.054848
25,0.087593
25,0.116522
25,0.143959
25,0.114310
25,0.147432
26,0.116908
26,0.135840
25,0.128970
25,0.108154
25,0.128631
25,0.191040
25,0.195508
25,0.156627
25,0.159135
25,0.114311
25,0.186499
25,0.165140
25,0.083194
25,0.144713
25,0.166276
25,0.165326
25,0.165375
25,0.207656
25,0.146630
25,0.110151
25,0.105697
25,0.187737
18,0.152502
25,0.188964
24,0.199840
18,0.240907
24,0.228330
24,0.222869
18,0.238293
18,0.217471
24,0.231588
24,0.260137
27,0.232422
27,0.189716
24,0.104280
26,0.144356
24,0.127544
24,0.126956
24,0.128838
24,0.175987
24,0.152653
24,0.128812
24,0.105990
24,0.200836
24,0.147686
24,0.116745
24,0.122944
24,0.170119
24,0.107030
24,0.094647
24,0.120919
24,0.127019
24,0.144256
24,0.138236
24,0.152810
24,0.102982
24,0.093545
24,0.168056
26,0.159149
26,0.117213
24,0.151895
26,0.148050
26,0.119863
24,0.144931
26,0.125864
26,0.151400
26,0.142165
26,0.097360
24,0.160839
26,0.152895
26,0.199696
26,0.103670
26,0.110153
26,0.167352
26,0.122850
26,0.112903
26,0.106618
25,0.164698
26,0.159582
25,0.138127
26,0.113259
26,0.067385
26,0.159713
26,0.111322
26,0.116884
26,0.139010
24,0.145629
26,0.132761
26,0.103217
26,0.106964
26,0.143289
26,0.102332
26,0.075354
26,0.086011
26,0.095621
26,0.084034
26,0.072880
26,0.095529
26,0.127100
26,0.109263
26,0.084350
26,0.091207
26,0.080248
26,0.141516
26,0.076854
26,0.085149
26,0.087406
26,0.078659
26,0.111109
27,0.193147
27,0.191588
27,0.109361
27,0.146223
26,0.162396
26,0.194200
13,0.170019
26,0.180337
11,0.181680
11,0.168296
10,0.187011
10,0.213664
10,0.277857
10,0.273244
10,0.293539
10,0.221359
10,0.192549
11,0.166571
11,0.129663
11,0.162340
11,0.143224
11,0.228902
11,0.186085
10,0.215485
10,0.244572
10,0.299180
9,0.393019
9,0.267999
9,0.314242
5,0.359587
5,0.370960
31,0.228727
31,0.131672
30,0.181597
30,0.192164
29,0.391757
23,0.239790
23,0.453252
22,0.366226
22,0.190596
22,0.142689
22,0.139037
22,0.332852
20,0.258751
20,0.193102
20,0.187390
20,0.250893
20,0.216589
20,0.254518
20,0.228680
20,0.153172
20,0.234921
19,0.338648
19,0.297147
19,0.245216
19,0.254513
19,0.323487
19,0.299926
19,0.226342
19,0.198449
19,0.281300
18,0.298462
18,0.218277
18,0.225355
18,0.382747
18,0.364197
18,0.306277
18,0.294427
18,0.228819
18,0.360174
18,0.403730
18,0.445118
18,0.355210
18,0.287521
24,0.170223
24,0.171679
7,0.309571
7,0.221788
7,0.358498
7,0.567636
7,0.688860
7,0.606323
7,0.620155
6,0.705656
6,0.535191
6,0.321037
6,0.178072
26,0.227182
26,0.138589
26,0.195966
26,0.250989
26,0.211527
27,0.200885
27,0.132380
27,0.115565
27,0.116070
27,0.129527
27,0.115498
27,0.163318
27,0.141329
27,0.091528
27,0.081774
26,0.147419
26,0.120118
26,0.138980
26,0.189198
26,0.142081
26,0.113576
26,0.155440
13,0.173095
13,0.189579
13,0.159532
13,0.201832
13,0.258111
11,0.200933
13,0.258190
13,0.255689
11,0.311629
11,0.350909
11,0.170447
11,0.153647
11,0.159353
11,0.121813
11,0.148505
11,0.253663
11,0.244265
10,0.182211
10,0.198694
10,0.224743
10,0.245356
10,0.166473
10,0.159920
10,0.219110
10,0.154063
10,0.133847
10,0.196368
9,0.457906
31,0.171800
31,0.151758
31,0.157629
30,0.200514
30,0.154894
30,0.114260
30,0.154296
30,0.158324
30,0.143739
30,0.176645
30,0.179077
30,0.190724
23,0.148781
23,0.101096
23,0.070818
23,0.088079
23,0.097887
23,0.148157
23,0.169289
22,0.192997
22,0.186154
22,0.175234
22,0.111733
22,0.120029
22,0.172011
22,0.306564
22,0.179465
22,0.192348
22,0.193683
22,0.214100
22,0.200612
22,0.233717
20,0.201145
20,0.290428
22,0.399632
20,0.248184
20,0.263246
20,0.245663
22,0.274686
22,0.286412
22,0.285130
18,0.197934
24,0.215243
26,0.223616
6,0.331709
6,0.311549
6,0.264969
6,0.290053
6,0.223208
6,0.253391
6,0.296578
6,0.346732
6,0.372323
6,0.286930
6,0.325384
26,0.241820
27,0.198622
26,0.128695
26,0.115225
26,0.104189
27,0.130080
27,0.201977
30,0.171845
27,0.229045
30,0.158687
27,0.082502
27,0.113254
30,0.189024
30,0.164889
27,0.127893
27,0.158565
27,0.112354
30,0.206320
30,0.229007
30,0.239978
25,0.149702
23,0.187932
30,0.191327
30,0.201243
30,0.159906
30,0.160526
27,0.138271
27,0.062587
27,0.148818
27,0.177870
25,0.138611
27,0.137304
27,0.110653
27,0.114315
27,0.113644
27,0.084123
27,0.066990
27,0.106392
27,0.092070
25,0.091067
27,0.162205
25,0.128479
27,0.106944
27,0.149057
26,0.100116
27,0.106732
27,0.131291
27,0.134472
27,0.096193
27,0.091534
27,0.095504
27,0.076610
27,0.092575
26,0.103242
27,0.111743
26,0.158338
26,0.165522
26,0.154628
26,0.298678
13,0.201381
13,0.169626
13,0.134368
13,0.146459
26,0.153843
13,0.184402
13,0.188890
13,0.291339
13,0.347970
13,0.232956
13,0.142040
13,0.144032
13,0.133027
11,0.230559
11,0.203955
11,0.114832
11,0.090650
11,0.216585
10,0.224569
10,0.171009
10,0.122883
10,0.204144
10,0.147239
10,0.177479
10,0.248760
9,0.270038
31,0.322838
31,0.226524
31,0.178728
30,0.152603
30,0.104468
30,0.110807
30,0.097461
30,0.098421
30,0.109866
30,0.132570
30,0.090672
30,0.115285
30,0.091541
30,0.153568
30,0.132852
30,0.131712
23,0.112952
22,0.084290
23,0.168827
22,0.138870
25,0.131994
25,0.167359
25,0.230193
20,0.177584
20,0.174199
20,0.119221
20,0.188641
20,0.191714
20,0.271047
20,0.200608
20,0.186217
20,0.212835
20,0.260243
18,0.310460
18,0.225706
18,0.174338
18,0.172484
18,0.209754
18,0.166399
18,0.182772
18,0.179736
18,0.163883
18,0.218776
18,0.207893
18,0.210378
18,0.148426
18,0.197257
18,0.308912
18,0.341076
18,0.217148
18,0.222616
18,0.211903
18,0.186176
18,0.124116
18,0.179304
18,0.105114
18,0.124395
18,0.123109
18,0.108432
18,0.160244
18,0.131042
18,0.184178
18,0.180756
18,0.136628
18,0.132010
18,0.144150
18,0.198539
18,0.163532
18,0.155760
24,0.193067
24,0.174899
24,0.164032
26,0.130597
25,0.148381
27,0.189140
27,0.073028
27,0.098766
26,0.187790
26,0.147123
27,0.126029
27,0.151084
25,0.202850
26,0.192880
26,0.184652
26,0.121755
25,0.151313
26,0.133642
27,0.115893
26,0.142220
27,0.161505
27,0.121593
25,0.134922
25,0.163352
27,0.136822
26,0.161154
25,0.149519
27,0.090229
25,0.135824
25,0.112372
25,0.118013
25,0.143554
25,0.093866
25,0.138728
25,0.179158
25,0.184586
25,0.162076
25,0.210934
18,0.276580
25,0.287077
25,0.252039
25,0.207764
27,0.202208
25,0.152079
25,0.112050
25,0.112802
25,0.140391
27,0.129931
27,0.084861
26,0.097864
26,0.099182
27,0.129682
27,0.125917
27,0.073403
27,0.115115
26,0.080019
27,0.158210
27,0.115124
26,0.120312
26,0.094747
26,0.138272
26,0.120855
27,0.120453
27,0.122859
26,0.149067
27,0.089767
27,0.128517
26,0.147248
27,0.113918
2,0.147937
2,0.143372
2,0.114775
2,0.099325
2,0.107873
2,0.103341
2,0.118915
2,0.113350
2,0.127299
2,0.198440
12,0.184036
12,0.136728
12,0.208450
12,0.170015
12,0.258519
12,0.307385
9,0.363243
9,0.341291
9,0.210190
9,0.207336
9,0.210903
9,0.225723
9,0.271587
8,0.184812
8,0.166888
8,0.339173
8,0.271895
29,0.237127
29,0.236777
29,0.184741
29,0.110720
29,0.179561
28,0.098779
28,0.156178
28,0.160043
28,0.106364
28,0.162057
28,0.139092
28,0.193082
28,0.140075
28,0.140627
28,0.220491
28,0.290799
28,0.328691
1,0.406313
1,0.385728
18,0.490888
18,0.439630
18,0.452256
18,0.454232
18,0.374727
2,0.379946
2,0.383682
2,0.508737
24,0.461454
24,0.335063
24,0.362360
24,0.548236
2,0.412849
2,0.280233
2,0.174508
2,0.136062
2,0.088518
2,0.174595
2,0.105400
2,0.120375
2,0.161896
2,0.127295
2,0.137338
2,0.135224
2,0.149916
2,0.134964
2,0.079951
2,0.152719
2,0.110430
2,0.104189
2,0.131852
2,0.141728
2,0.101475
2,0.129959
2,0.115971
2,0.125424
2,0.116592
2,0.105998
2,0.092320
2,0.108860
2,0.123135
2,0.191636
2,0.203181
2,0.199852
2,0.224312
2,0.214443
3,0.220279
3,0.269158
3,0.207903
3,0.154461
3,0.123540
3,0.134795
3,0.147210
3,0.227689
3,0.218938
2,0.403209
2,0.481942
2,0.649362
15,0.497864
2,0.430204
14,0.239454
14,0.221763
12,0.159003
12,0.150668
12,0.285395
12,0.368098
10,0.310877
10,0.447356
9,0.485787
9,0.241577
9,0.242658
9,0.241475
8,0.245449
8,0.118639
8,0.209315
29,0.182060
29,0.136694
29,0.084545
29,0.160867
28,0.149135
28,0.141461
28,0.160122
28,0.200804
28,0.301503
28,0.265652
28,0.268215
28,0.326347
28,0.231887
28,0.223703
28,0.336934
19,0.361722
19,0.364530
19,0.366713
19,0.399518
19,0.453900
19,0.359026
2,0.273837
18,0.351764
18,0.407739
2,0.501615
2,0.232652
2,0.210095
2,0.255823
2,0.311944
2,0.288933
2,0.240637
2,0.294544
2,0.271913
2,0.128984
2,0.145866
2,0.088757
2,0.102726
2,0.114887
2,0.114351
2,0.154540
2,0.170205
2,0.124603
2,0.086429
2,0.083701
2,0.118579
2,0.137521
2,0.110098
2,0.141542
2,0.136148
2,0.148826
3,0.222834
3,0.352821
3,0.260452
3,0.179428
3,0.086778
3,0.097156
3,0.153483
3,0.123220
3,0.169581
3,0.125791
3,0.127648
3,0.295635
3,0.409008
3,0.274124
3,0.180141
2,0.166279
3,0.227464
3,0.314714
3,0.269326
3,0.329077
3,0.263746
2,0.204126
2,0.175396
2,0.140617
2,0.183479
2,0.228716
2,0.156004
2,0.217229
2,0.246568
14,0.511131
14,0.475463
14,0.456008
14,0.306430
12,0.341498
12,0.181587
12,0.197965
12,0.162756
12,0.229012
10,0.460415
10,0.482079
10,0.409564
10,0.429330
9,0.318119
9,0.371460
9,0.348723
8,0.374119
8,0.183238
8,0.190268
8,0.279455
8,0.113127
8,0.075652
8,0.169422
8,0.201582
8,0.306705
8,0.311105
29,0.262085
29,0.227075
29,0.234856
29,0.235255
29,0.218767
29,0.187294
29,0.208540
29,0.275249
29,0.198173
29,0.200152
29,0.170574
29,0.151188
29,0.232751
29,0.207056
28,0.300143
28,0.186068
28,0.147776
28,0.121910
28,0.090186
28,0.129927
28,0.161136
28,0.150625
2,0.154599
2,0.169308
2,0.140015
2,0.150206
2,0.159926
2,0.136114
2,0.143780
2,0.355239
2,0.297582
2,0.146370
2,0.307987
14,0.607002
2,0.349322
2,0.181175
2,0.172468
2,0.110311
2,0.083043
2,0.092048
2,0.099859
2,0.136960
2,0.127259
2,0.088376
2,0.145716
2,0.144858
2,0.135924
2,0.148184
2,0.076887
2,0.071391
2,0.097340
2,0.090033
2,0.171921
2,0.220966
2,0.237753
2,0.226512
2,0.164199
2,0.190522
2,0.137060
2,0.101805
2,0.124041
2,0.071509
2,0.110845
2,0.147466
2,0.135596
2,0.139495
2,0.181168
3,0.289861
3,0.255428
3,0.212298
3,0.215706
2,0.170552
3,0.186661
3,0.112887
3,0.119017
3,0.159870
3,0.142741
3,0.153025
3,0.140684
3,0.148724
3,0.211562
3,0.430543
3,0.381185
2,0.393530
2,0.194505
2,0.228298
15,0.665905
15,0.692950
14,0.505840
14,0.314187
14,0.194535
14,0.216621
14,0.570660
12,0.406965
12,0.304329
12,0.244911
12,0.315683
12,0.494814
11,0.582824
11,0.622854
10,0.543136
10,0.318281
10,0.401907
10,0.466907
9,0.356963
9,0.269773
9,0.335810
9,0.227288
9,0.247142
9,0.229995
9,0.239386
9,0.197060
8,0.284621
8,0.140371
8,0.196680
8,0.178419
8,0.181218
8,0.204432
8,0.231486
8,0.246651
8,0.280151
8,0.293116
8,0.357166
29,0.281885
29,0.301811
29,0.366897
29,0.328754
29,0.287070
29,0.218680
29,0.265574
29,0.160755
29,0.151317
29,0.228670
29,0.225560
29,0.277693
28,0.375840
29,0.277698
29,0.227200
28,0.204604
28,0.154041
28,0.189001
28,0.200759
28,0.220837
28,0.287581
28,0.224981
28,0.145667
28,0.160273
28,0.232543
28,0.141639
28,0.136996
28,0.175901
28,0.174861
28,0.148299
28,0.198669
28,0.156115
28,0.186100
28,0.149855
28,0.110634
28,0.093485
28,0.135002
28,0.150459
28,0.128024
28,0.140427
3,0.157173
28,0.181937
28,0.158482
2,0.109849
2,0.121317
2,0.107420
2,0.104232
2,0.143665
2,0.109652
2,0.137829
2,0.098926
2,0.123031
2,0.162437
2,0.099455
2,0.114658
2,0.092136
2,0.090841
2,0.113813
2,0.207296
2,0.137078
2,0.312734
2,0.354776
2,0.340533
14,0.244493
12,0.285934
12,0.236948
12,0.178609
12,0.189550
12,0.169924
12,0.231893
12,0.253225
2,0.260644
10,0.273523
9,0.244170
9,0.277785
9,0.334338
9,0.289010
9,0.206762
9,0.199998
9,0.297826
8,0.255925
8,0.208503
8,0.177779
8,0.150806
8,0.137215
8,0.118544
8,0.077747
8,0.182539
28,0.295749
29,0.128600
29,0.152502
29,0.190608
28,0.125483
29,0.137015
29,0.133323
29,0.171436
29,0.188646
28,0.173608
28,0.147935
29,0.170925
28,0.098466
28,0.122859
28,0.125130
28,0.109073
28,0.063519
28,0.052185
28,0.085488
28,0.128794
28,0.157150
2,0.157582
28,0.117844
28,0.149127
28,0.162981
28,0.167837
28,0.234936
28,0.293605
28,0.265208
28,0.170673
28,0.221309
28,0.162042
28,0.136770
28,0.215805
28,0.223186
28,0.180115
28,0.260952
28,0.239802
28,0.135853
28,0.112349
2,0.145670
2,0.124579
2,0.091878
2,0.161089
2,0.137923
2,0.203567
2,0.176667
8,0.296107
2,0.177791
2,0.139701
2,0.148335
2,0.106939
2,0.100833
2,0.076327
2,0.118325
2,0.097957
2,0.150471
2,0.098936
2,0.071412
2,0.093698
2,0.111520
2,0.110936
2,0.119689
2,0.078096
2,0.102311
28,0.168592
2,0.091365
2,0.107782
2,0.092776
2,0.057650
2,0.061273
2,0.104583
2,0.131464
2,0.154615
2,0.097805
2,0.132062
2,0.109721
2,0.155670
28,0.177063
28,0.178827
3,0.185725
3,0.236240
3,0.267992
28,0.166022
3,0.153456
28,0.184713
3,0.204995
3,0.126924
3,0.118743
3,0.154475
3,0.179944
3,0.179352
2,0.121895
2,0.217636
2,0.140639
2,0.217912
2,0.246098
2,0.256069
2,0.197658
2,0.271421
2,0.215023
2,0.123140
2,0.286964
2,0.352313
2,0.335682
2,0.312437
2,0.155818
2,0.430346
14,0.261217
14,0.233566
14,0.328528
14,0.262185
12,0.192733
12,0.151160
12,0.155142
12,0.134903
12,0.220597
12,0.256221
12,0.328688
10,0.385637
10,0.311382
10,0.303614
10,0.276313
9,0.330470
9,0.379616
9,0.384971
9,0.248869
9,0.156946
9,0.174709
9,0.209633
9,0.263396
9,0.265544
9,0.235623
8,0.209970
8,0.260420
8,0.166904
8,0.163832
8,0.229703
8,0.180301
8,0.133465
8,0.121164
8,0.155409
8,0.137977
8,0.212002
8,0.156475
8,0.162698
8,0.199969
8,0.133007
8,0.121747
8,0.208723
8,0.192296
8,0.176734
8,0.141104
8,0.179609
8,0.176582
8,0.197592
8,0.193600
8,0.213935
8,0.171448
8,0.196201
8,0.227530
8,0.224699
8,0.257054
8,0.278705
8,0.236828
8,0.208490
8,0.201131
8,0.134548
8,0.166644
8,0.194247
8,0.190283
8,0.167021
8,0.151779
8,0.188600
8,0.232209
8,0.212535
2,0.131655
2,0.115693
2,0.123684
2,0.120574
2,0.110850
2,0.135684
2,0.158812
2,0.083365
2,0.104155
2,0.111056
2,0.159595
2,0.154895
2,0.185566
2,0.129874
2,0.155532
2,0.175508
2,0.129276
2,0.098093
2,0.096586
2,0.106742
2,0.061079
2,0.135400
2,0.148277
12,0.194336
2,0.115011
9,0.227567
9,0.318966
2,0.130312
2,0.089893
9,0.190905
9,0.157750
9,0.217240
9,0.217574
9,0.292400
9,0.264262
9,0.281593
9,0.198538
9,0.208745
9,0.164105
8,0.125214
8,0.114728
8,0.134940
8,0.149895
8,0.142525
8,0.213508
8,0.168649
8,0.255987
8,0.249853
29,0.207170
29,0.172130
29,0.195475
29,0.180821
29,0.208866
29,0.237056
29,0.180805
29,0.136399
29,0.133016
29,0.148531
29,0.179359
29,0.188982
29,0.144188
29,0.108727
29,0.196761
29,0.156665
29,0.153827
29,0.137615
29,0.105744
29,0.138514
29,0.129045
28,0.161553
28,0.186579
28,0.128058
28,0.190164
28,0.164482
28,0.109769
28,0.121474
28,0.117182
28,0.110209
28,0.103586
28,0.131513
28,0.114885
28,0.153525
28,0.152677
2,0.197270
28,0.198898
28,0.188279
28,0.142172
28,0.113138
28,0.172936
28,0.127093
28,0.125652
28,0.084658
28,0.118477
28,0.118174
28,0.162291
28,0.151248
28,0.118634
28,0.121653
28,0.115173
28,0.168534
28,0.137148
28,0.110345
2,0.175682
28,0.171045
28,0.107295
28,0.097372
2,0.119230
2,0.079977
2,0.119007
2,0.160599
2,0.130786
2,0.154783
28,0.191866
2,0.130202
2,0.099395
2,0.110568
2,0.207861
2,0.317531
2,0.309678
2,0.354415
2,0.190955
3,0.272692
3,0.441030
3,0.269226
3,0.161750
3,0.180579
3,0.115847
3,0.059702
3,0.102397
3,0.193065
3,0.147624
3,0.189599
3,0.314062
3,0.344613
3,0.339058
3,0.130440
3,0.306353
2,0.274384
2,0.380817
12,0.246498
9,0.404878
8,0.160838
8,0.191737
8,0.342819
29,0.354272
29,0.413931
28,0.289635
28,0.370472
1,0.442837
1,0.443437
1,0.529896
1,0.401479
1,0.450556
2,0.391930
2,0.174304
7,0.334464
2,0.215505
2,0.311777
0,0.437341
0,0.415772
6,0.562719
6,0.631732
6,0.845864
5,0.868679
5,0.782669
3,0.664186
3,0.111046
3,0.211344
3,0.352156
0,0.425594
0,0.604441
2,0.234486
2,0.283822
0,0.152635
2,0.250107
2,0.291853
2,0.360896
2,0.309904
2,0.244046
2,0.226132
2,0.219346
2,0.253751
2,0.162244
2,0.167907
2,0.179938
2,0.156975
2,0.137348
2,0.095318
2,0.121142
2,0.086753
2,0.128156
2,0.173722
2,0.153660
2,0.172172
2,0.158606
2,0.071465
2,0.111406
2,0.139139
2,0.109098
2,0.088462
2,0.084969
2,0.121858
2,0.105867
2,0.125357
2,0.115202
2,0.139546
2,0.149575
2,0.101337
2,0.110595
2,0.125178
2,0.073646
2,0.110816
2,0.304803
14,0.429482
14,0.405959
14,0.476141
14,0.568628
12,0.515981
12,0.216177
12,0.126416
12,0.184751
10,0.431842
9,0.287210
9,0.332506
8,0.302354
9,0.279898
8,0.228806
8,0.102286
8,0.196201
29,0.513295
29,0.343062
29,0.378967
29,0.613123
28,0.456808
28,0.420490
28,0.443677
1,0.517469
1,0.442614
1,0.522415
18,0.507621
18,0.543525
18,0.520718
18,0.474856
18,0.454286
1,0.473175
0,0.871655
7,0.702682
7,0.490386
7,0.575420
0,0.554566
7,0.530591
7,0.711469
0,0.615991
0,0.388427
0,0.646401
5,0.644387
1,0.567008
1,1.050235
1,1.517451
1,1.287036
3,0.568576
3,0.116430
3,0.164653
3,0.323326
1,0.533273
1,0.502732
3,0.374826
3,0.259111
3,0.189003
3,0.155562
2,0.170331
2,0.142780
2,0.134947
2,0.113121
2,0.082036
2,0.094761
2,0.116217
2,0.100940
2,0.097080
2,0.157828
2,0.126553
2,0.074603
28,0.216425
28,0.116120
28,0.153456
28,0.202788
28,0.154667
28,0.218456
2,0.230625
2,0.190767
2,0.093839
2,0.160782
2,0.114092
2,0.065069
2,0.124781
2,0.145454
2,0.123634
2,0.099322
2,0.153367
2,0.128609
2,0.118068
2,0.117354
2,0.095047
2,0.132787
2,0.146692
2,0.187678
2,0.237863
14,0.494908
14,0.399156
12,0.141378
12,0.200471
12,0.335729
12,0.328533
10,0.455164
9,0.330011
9,0.338523
9,0.209471
9,0.225636
9,0.235311
8,0.233717
8,0.129287
8,0.144511
8,0.270974
29,0.198178
28,0.114254
28,0.116776
28,0.128012
28,0.206800
28,0.272391
28,0.303666
1,0.360080
1,0.451631
1,0.399390
1,0.441024
1,0.535123
1,0.406927
1,0.370370
1,0.298026
1,0.322690
0,0.609955
7,0.738257
7,0.564414
7,0.623023
7,0.776151
7,0.575995
7,0.407007
12,0.530451
12,0.321506
12,0.394371
12,0.328173
2,0.230018
2,0.302756
2,0.260726
2,0.247710
2,0.273282
0,0.363576
2,0.488041
2,0.325267
2,0.256560
2,0.241241
2,0.170691
2,0.123935
2,0.150523
2,0.134846
2,0.075349
2,0.110466
2,0.082871
2,0.110645
2,0.124010
2,0.095917
2,0.072790
2,0.136439
2,0.129971
2,0.091378
2,0.075549
2,0.125796
2,0.115753
2,0.130266
2,0.122690
3,0.132509
3,0.120478
3,0.168210
3,0.192679
3,0.209894
3,0.183157
3,0.222223
2,0.128824
2,0.088500
2,0.112087
2,0.095922
2,0.052432
2,0.148271
2,0.061308
2,0.083375
2,0.120339
2,0.152058
2,0.124633
2,0.139830
0,0.204354
0,0.164525
0,0.179228
0,0.222547
0,0.227800
0,0.275436
1,0.276668
12,0.358571
12,0.527132
0,0.252832
0,0.248904
0,0.289372
0,0.218535
0,0.202432
8,0.283390
8,0.396583
28,0.203193
28,0.298892
28,0.239406
28,0.184075
28,0.193245
0,0.270508
28,0.201428
28,0.190093
28,0.254288
1,0.228429
1,0.169312
1,0.386655
1,0.422717
1,0.402426
1,0.267122
1,0.253824
1,0.211443
1,0.261727
1,0.213853
1,0.254577
1,0.214719
1,0.271104
1,0.329555
1,0.261695
1,0.187704
1,0.192308
1,0.299453
1,0.249628
1,0.282560
1,0.255678
1,0.339305
1,0.318345
1,0.270801
1,0.293318
1,0.390072
1,0.316299
1,0.371398
1,0.346435
1,0.430309
1,0.323207
1,0.258638
1,0.242546
0,0.265260
0,0.197400
0,0.174350
0,0.087028
0,0.068958
0,0.145489
2,0.222689
1,0.197636
1,0.232790
1,0.318041
1,0.392680
1,0.397318
1,0.415790
1,0.393959
1,0.383415
1,0.420417
12,0.350875
12,0.293484
12,0.645902
9,0.638403
9,0.581559
9,0.517884
9,0.482067
0,0.260695
8,0.309735
8,0.303302
8,0.307644
8,0.397919
8,0.441141
29,0.421651
29,0.372274
28,0.303805
28,0.325129
1,0.274200
1,0.292152
28,0.226607
1,0.198750
1,0.246344
1,0.238964
1,0.198509
1,0.235741
1,0.278234
1,0.170495
1,0.228193
1,0.230745
1,0.258897
1,0.194371
1,0.220147
28,0.331828
1,0.333037
1,0.370160
1,0.435495
1,0.338041
1,0.383464
1,0.433765
1,0.388173
1,0.272693
1,0.252182
1,0.225320
1,0.243829
1,0.187386
1,0.139931
1,0.197531
1,0.205453
1,0.261510
1,0.260104
1,0.280512
1,0.225847
1,0.248274
1,0.189939
1,0.234649
1,0.224569
1,0.220261
1,0.223753
1,0.211089
1,0.216963
1,0.218371
0,0.156300
0,0.112148
0,0.121886
2,0.163523
0,0.129725
0,0.191646
26,0.119957
27,0.108600
27,0.082243
27,0.120233
27,0.101811
26,0.124693
27,0.127637
27,0.107048
7,0.325381
6,0.320049
6,0.248431
4,0.296472
4,0.202052
4,0.180570
4,0.146748
4,0.155029
4,0.172508
4,0.114398
4,0.116903
4,0.133850
4,0.154019
4,0.218910
4,0.137135
4,0.095358
4,0.126640
4,0.125998
4,0.140572
4,0.199253
4,0.486990
4,0.437080
21,0.427473
21,0.358450
21,0.433096
21,0.346283
21,0.425405
20,0.425713
20,0.363176
20,0.372835
20,0.449914
16,0.507625
16,0.338989
16,0.240590
16,0.197293
16,0.153212
16,0.154418
16,0.284755
16,0.267099
16,0.399626
15,0.379552
15,0.384886
15,0.289040
15,0.203185
15,0.166985
14,0.245500
13,0.115290
11,0.155407
11,0.107937
11,0.142051
11,0.230809
11,0.166641
11,0.100392
11,0.132316
11,0.144322
11,0.106586
11,0.141238
11,0.138549
11,0.162291
11,0.129382
11,0.157213
13,0.295648
13,0.203741
13,0.174250
13,0.174130
13,0.082881
13,0.103349
13,0.091996
13,0.156697
13,0.164884
13,0.056288
13,0.072234
13,0.159932
13,0.303618
14,0.380337
14,0.466638
15,0.732949
15,0.290709
15,0.268394
15,0.267033
15,0.390356
15,0.464474
14,0.509580
14,0.300476
14,0.547514
13,0.439471
13,0.252320
13,0.172616
13,0.191563
13,0.132793
13,0.094330
13,0.122838
13,0.109944
13,0.161684
13,0.154747
13,0.225947
13,0.342794
13,0.594025
12,0.659806
12,0.464815
11,0.170123
11,0.235945
11,0.258934
10,0.146653
10,0.217539
10,0.183797
10,0.172772
10,0.232668
10,0.260378
10,0.346713
9,0.359614
9,0.358377
9,0.366034
9,0.286909
9,0.296123
31,0.365278
31,0.288736
31,0.267605
31,0.292600
31,0.278975
31,0.350522
31,0.266999
31,0.236464
31,0.178898
31,0.141524
31,0.195190
31,0.169439
31,0.260167
31,0.367738
31,0.342186
31,0.379902
31,0.337437
31,0.380169
31,0.330487
31,0.285701
31,0.303092
31,0.282083
31,0.340175
31,0.347287
31,0.411488
31,0.310439
13,0.281480
13,0.288078
13,0.171276
13,0.141225
13,0.200832
13,0.139650
13,0.210039
13,0.149458
13,0.157832
13,0.138991
13,0.137583
13,0.179923
13,0.112825
13,0.174035
13,0.191148
13,0.168695
13,0.214682
13,0.145171
26,0.162882
13,0.160131
11,0.162756
11,0.170349
27,0.247418
27,0.100684
26,0.132628
27,0.095427
26,0.095540
26,0.072676
26,0.089943
27,0.110041
27,0.117328
26,0.185860
26,0.143462
26,0.116044
26,0.141658
27,0.127969
27,0.084690
27,0.134270
27,0.161367
27,0.264215
27,0.187901
27,0.103881
27,0.099955
27,0.145113
27,0.116309
27,0.138129
27,0.120743
26,0.172721
27,0.115572
27,0.074774
27,0.083602
27,0.111160
27,0.101376
27,0.091713
27,0.100603
27,0.088218
27,0.073517
26,0.096550
27,0.094833
26,0.088054
26,0.066367
26,0.114280
27,0.128315
26,0.114863
26,0.113073
26,0.203283
27,0.107250
27,0.102354
26,0.078864
27,0.136992
27,0.119128
27,0.134825
27,0.082280
26,0.096503
26,0.083845
26,0.083224
26,0.121153
27,0.096220
27,0.084208
27,0.127948
27,0.135774
27,0.065846
27,0.114429
26,0.141682
27,0.155478
27,0.188415
27,0.235396
25,0.185875
25,0.158024
18,0.268080
24,0.273759
24,0.297587
7,0.762758
7,0.521943
7,0.249986
7,0.318366
7,0.311487
6,0.357846
3,1.502325
17,0.622562
17,0.409646
16,0.302318
16,0.147596
16,0.142885
16,0.096478
16,0.136726
16,0.215392
16,0.180941
16,0.205986
16,0.151281
16,0.139435
16,0.134885
16,0.166697
16,0.210267
16,0.174624
16,0.191571
16,0.213926
16,0.153795
16,0.164505
16,0.153743
16,0.253318
16,0.249113
16,0.207461
16,0.412861
15,0.456582
15,0.280495
15,0.310806
15,0.331182
15,0.264058
15,0.260009
15,0.294919
15,0.379294
15,0.262974
15,0.341132
15,0.279018
15,0.202666
15,0.311422
14,0.466340
14,0.306693
14,0.250282
14,0.327724
14,0.357116
14,0.405194
13,0.227072
13,0.127979
13,0.120215
13,0.166922
11,0.478403
11,0.207839
11,0.137305
11,0.160519
11,0.181189
11,0.344442
10,0.348271
10,0.385610
10,0.257152
10,0.197016
10,0.164744
10,0.128044
10,0.218249
10,0.138307
10,0.150655
10,0.139468
10,0.193345
10,0.444095
10,0.496457
10,0.560085
10,0.661232
10,0.627273
31,0.702185
31,0.758315
31,0.672240
31,0.490252
31,0.252877
31,0.124505
31,0.158593
31,0.210057
31,0.310614
31,0.154133
31,0.154594
31,0.205020
31,0.310361
31,0.251231
31,0.160151
31,0.131750
31,0.181533
31,0.167805
31,0.121380
31,0.116470
31,0.162705
31,0.227847
31,0.203904
31,0.188231
31,0.318804
31,0.284674
31,0.188004
31,0.303618
31,0.396064
31,0.406670
31,0.345623
31,0.381300
31,0.250498
31,0.192197
31,0.157156
31,0.256075
31,0.335863
31,0.407714
31,0.333117
30,0.302001
30,0.464829
30,0.383795
30,0.251262
30,0.275036
23,0.289939
23,0.285588
30,0.291473
31,0.177923
31,0.138887
31,0.162750
30,0.210998
30,0.295715
30,0.248358
30,0.173827
30,0.124334
30,0.105766
30,0.076549
30,0.112510
30,0.130487
30,0.129501
30,0.127001
30,0.139237
30,0.079388
30,0.100293
30,0.134770
30,0.107806
30,0.172797
30,0.239637
23,0.236225
30,0.173260
23,0.158077
30,0.191414
30,0.165371
30,0.126847
30,0.113312
30,0.109668
30,0.116481
30,0.149794
30,0.123695
30,0.115135
30,0.111288
30,0.073626
30,0.123753
30,0.121319
30,0.120627
30,0.096390
30,0.149210
23,0.193633
23,0.112885
23,0.066606
23,0.210526
29,0.310407
29,0.360161
30,0.440474
23,0.198831
23,0.160954
23,0.150447
30,0.151257
30,0.145956
30,0.154368
23,0.130649
23,0.212591
23,0.234836
23,0.132163
23,0.146865
23,0.157237
23,0.116266
23,0.101308
23,0.132746
23,0.098388
23,0.113894
23,0.175886
23,0.159452
23,0.207384
23,0.201292
23,0.267238
23,0.194213
23,0.147597
23,0.153310
23,0.127214
22,0.203221
22,0.210075
22,0.293941
22,0.175043
22,0.189590
22,0.169587
22,0.185224
22,0.135186
22,0.104238
22,0.126061
22,0.129071
22,0.111331
22,0.140069
22,0.117717
22,0.121099
22,0.121315
22,0.114380
22,0.106211
22,0.159070
22,0.195217
22,0.174649
23,0.201636
23,0.143861
23,0.180542
30,0.167433
30,0.176185
30,0.179605
30,0.156626
30,0.177070
23,0.156090
23,0.142704
30,0.117214
30,0.113611
30,0.152221
30,0.144996
30,0.175682
30,0.165952
30,0.134417
30,0.100561
30,0.127644
30,0.152825
27,0.129569
27,0.158450
27,0.091079
27,0.116906
27,0.091907
30,0.170767
30,0.128742
23,0.121151
23,0.179841
27,0.127123
27,0.149205
25,0.136288
25,0.149899
25,0.162701
25,0.123241
25,0.126391
25,0.119577
27,0.135918
25,0.177003
25,0.153253
25,0.117538
25,0.149449
25,0.152152
25,0.159745
25,0.130300
25,0.161735
25,0.195661
25,0.125129
25,0.168217
25,0.102118
25,0.130907
25,0.132226
25,0.130342
25,0.180723
25,0.151348
25,0.197097
25,0.152443
25,0.110020
25,0.131696
25,0.120136
25,0.083631
25,0.142552
25,0.134217
25,0.072047
27,0.054227
27,0.104182
26,0.150834
27,0.121791
26,0.099396
26,0.137191
24,0.138118
24,0.191109
24,0.153945
24,0.153229
24,0.188758
24,0.192463
27,0.245913
27,0.231193
22,0.294975
27,0.201150
27,0.128101
26,0.114613
26,0.085577
27,0.103517
27,0.096202
27,0.076088
27,0.162641
27,0.104247
27,0.083015
27,0.070666
27,0.063026
27,0.060355
26,0.079250
26,0.055374
27,0.127255
27,0.111394
26,0.112724
26,0.199347
26,0.158943
26,0.144216
27,0.186566
27,0.151312
27,0.106793
26,0.129733
26,0.176383
27,0.239683
10,0.233655
10,0.234702
10,0.241063
10,0.287368
10,0.154912
10,0.236518
10,0.265221
10,0.183961
10,0.182038
10,0.211633
10,0.171828
10,0.260944
10,0.266629
10,0.297914
10,0.430601
9,0.515733
9,0.393934
9,0.445778
9,0.404882
9,0.321721
9,0.294947
9,0.312622
9,0.275321
31,0.250076
31,0.194894
30,0.214155
30,0.149576
30,0.183488
30,0.106602
30,0.083005
30,0.104563
30,0.131807
30,0.113968
30,0.124189
30,0.163479
30,0.196378
30,0.214087
30,0.139770
30,0.136379
30,0.134333
30,0.111908
30,0.132932
30,0.119846
30,0.084671
30,0.107336
30,0.068855
30,0.119358
30,0.084631
30,0.111223
30,0.128644
30,0.122863
30,0.143877
30,0.127091
30,0.139357
30,0.158194
30,0.163765
30,0.115535
30,0.118909
30,0.085299
30,0.102831
30,0.091809
30,0.111398
30,0.139953
30,0.109869
30,0.068332
30,0.081239
30,0.108805
30,0.118874
30,0.114018
30,0.124499
30,0.110074
30,0.183829
30,0.140371
30,0.154793
30,0.163511
30,0.160722
30,0.123067
31,0.167294
31,0.194075
31,0.261835
26,0.209684
26,0.198931
26,0.154666
27,0.061471
27,0.086983
27,0.098495
27,0.079984
27,0.072371
27,0.073018
27,0.096695
27,0.081253
27,0.126576
27,0.151681
27,0.076460
27,0.080974
27,0.151036
27,0.113139
26,0.077072
27,0.118375
27,0.114510
26,0.116883
27,0.096032
27,0.114391
27,0.097687
27,0.123034
26,0.138578
27,0.112980
27,0.119881
27,0.076737
27,0.118814
27,0.100500
27,0.075343
27,0.171106
27,0.094783
27,0.105379
26,0.107176
27,0.132684
27,0.096166
27,0.138343
27,0.039449
27,0.076908
27,0.104511
27,0.153455
27,0.175655
27,0.141457
27,0.139380
27,0.107050
27,0.118526
27,0.127094
27,0.126497
27,0.093196
27,0.093948
27,0.084145
27,0.117425
27,0.065238
27,0.088322
27,0.100381
26,0.152052
26,0.077200
26,0.095857
26,0.106451
26,0.072888
27,0.141933
27,0.094054
27,0.066905
27,0.076164
27,0.098634
